30
168
0 1 12
1 0 12
1 2 67
2 1 67
2 3 34
3 2 34
3 4 21
4 3 21
5 6 7
6 5 7
6 7 81
7 6 81
7 8 10
8 7 10
8 9 95
9 8 95
0 6 47
6 0 47
5 1 68
1 5 68
6 1 12
1 6 12
1 7 98
7 1 98
6 2 52
2 6 52
7 2 70
2 7 70
2 8 22
8 2 22
7 3 72
3 7 72
8 3 51
3 8 51
3 9 18
9 3 18
8 4 20
4 8 20
9 4 76
4 9 76
10 11 24
11 10 24
11 12 84
12 11 84
12 13 34
13 12 34
13 14 34
14 13 34
5 11 91
11 5 91
10 6 79
6 10 79
11 6 15
6 11 15
6 12 61
12 6 61
11 7 82
7 11 82
12 7 22
7 12 22
7 13 17
13 7 17
12 8 18
8 12 18
13 8 67
8 13 67
8 14 40
14 8 40
13 9 87
9 13 87
14 9 66
9 14 66
15 16 36
16 15 36
16 17 93
17 16 93
17 18 41
18 17 41
18 19 61
19 18 61
10 16 85
16 10 85
15 11 29
11 15 29
16 11 10
11 16 10
11 17 78
17 11 78
16 12 29
12 16 29
17 12 31
12 17 31
12 18 21
18 12 21
17 13 75
13 17 75
18 13 38
13 18 38
13 19 92
19 13 92
18 14 10
14 18 10
19 14 57
14 19 57
20 21 71
21 20 71
21 22 80
22 21 80
22 23 43
23 22 43
23 24 41
24 23 41
15 21 39
21 15 39
20 16 94
16 20 94
21 16 75
16 21 75
16 22 62
22 16 62
21 17 60
17 21 60
22 17 91
17 22 91
17 23 48
23 17 48
22 18 38
18 22 38
23 18 90
18 23 90
18 24 80
24 18 80
23 19 66
19 23 66
24 19 84
19 24 84
25 26 59
26 25 59
26 27 25
27 26 25
27 28 8
28 27 8
28 29 21
29 28 21
20 26 88
26 20 88
25 21 30
21 25 30
26 21 6
21 26 6
21 27 4
27 21 4
26 22 38
22 26 38
27 22 97
22 27 97
22 28 92
28 22 92
27 23 20
23 27 20
28 23 42
23 28 42
23 29 43
29 23 43
28 24 15
24 28 15
29 24 81
24 29 81
