30
168
0 1 55
1 0 55
1 2 80
2 1 80
2 3 59
3 2 59
3 4 69
4 3 69
5 6 27
6 5 27
6 7 0
7 6 0
7 8 28
8 7 28
8 9 86
9 8 86
0 6 77
6 0 77
5 1 60
1 5 60
6 1 57
1 6 57
1 7 78
7 1 78
6 2 78
2 6 78
7 2 66
2 7 66
2 8 74
8 2 74
7 3 67
3 7 67
8 3 77
3 8 77
3 9 83
9 3 83
8 4 41
4 8 41
9 4 14
4 9 14
10 11 72
11 10 72
11 12 58
12 11 58
12 13 89
13 12 89
13 14 21
14 13 21
5 11 9
11 5 9
10 6 42
6 10 42
11 6 99
6 11 99
6 12 56
12 6 56
11 7 84
7 11 84
12 7 75
7 12 75
7 13 34
13 7 34
12 8 67
8 12 67
13 8 36
8 13 36
8 14 55
14 8 55
13 9 65
9 13 65
14 9 25
9 14 25
15 16 46
16 15 46
16 17 9
17 16 9
17 18 72
18 17 72
18 19 34
19 18 34
10 16 13
16 10 13
15 11 27
11 15 27
16 11 51
11 16 51
11 17 85
17 11 85
16 12 21
12 16 21
17 12 88
12 17 88
12 18 93
18 12 93
17 13 97
13 17 97
18 13 91
13 18 91
13 19 50
19 13 50
18 14 16
14 18 16
19 14 3
14 19 3
20 21 42
21 20 42
21 22 18
22 21 18
22 23 75
23 22 75
23 24 81
24 23 81
15 21 13
21 15 13
20 16 67
16 20 67
21 16 81
16 21 81
16 22 38
22 16 38
21 17 8
17 21 8
22 17 89
17 22 89
17 23 24
23 17 24
22 18 29
18 22 29
23 18 64
18 23 64
18 24 34
24 18 34
23 19 99
19 23 99
24 19 88
19 24 88
25 26 8
26 25 8
26 27 23
27 26 23
27 28 76
28 27 76
28 29 2
29 28 2
20 26 78
26 20 78
25 21 25
21 25 25
26 21 99
21 26 99
21 27 95
27 21 95
26 22 59
22 26 59
27 22 44
22 27 44
22 28 23
28 22 23
27 23 0
23 27 0
28 23 99
23 28 99
23 29 88
29 23 88
28 24 54
24 28 54
29 24 22
24 29 22
