30
168
0 1 25
1 0 25
1 2 70
2 1 70
2 3 54
3 2 54
3 4 58
4 3 58
5 6 48
6 5 48
6 7 31
7 6 31
7 8 65
8 7 65
8 9 48
9 8 48
0 6 80
6 0 80
5 1 23
1 5 23
6 1 92
1 6 92
1 7 64
7 1 64
6 2 99
2 6 99
7 2 58
2 7 58
2 8 16
8 2 16
7 3 76
3 7 76
8 3 88
3 8 88
3 9 22
9 3 22
8 4 28
4 8 28
9 4 32
4 9 32
10 11 10
11 10 10
11 12 78
12 11 78
12 13 85
13 12 85
13 14 81
14 13 81
5 11 96
11 5 96
10 6 43
6 10 43
11 6 92
6 11 92
6 12 34
12 6 34
11 7 82
7 11 82
12 7 54
7 12 54
7 13 58
13 7 58
12 8 35
8 12 35
13 8 49
8 13 49
8 14 89
14 8 89
13 9 82
9 13 82
14 9 93
9 14 93
15 16 47
16 15 47
16 17 48
17 16 48
17 18 3
18 17 3
18 19 72
19 18 72
10 16 58
16 10 58
15 11 80
11 15 80
16 11 88
11 16 88
11 17 46
17 11 46
16 12 47
12 16 47
17 12 98
12 17 98
12 18 23
18 12 23
17 13 65
13 17 65
18 13 27
13 18 27
13 19 11
19 13 11
18 14 14
14 18 14
19 14 44
14 19 44
20 21 2
21 20 2
21 22 69
22 21 69
22 23 93
23 22 93
23 24 76
24 23 76
15 21 72
21 15 72
20 16 82
16 20 82
21 16 84
16 21 84
16 22 36
22 16 36
21 17 97
17 21 97
22 17 52
17 22 52
17 23 56
23 17 56
22 18 80
18 22 80
23 18 44
18 23 44
18 24 96
24 18 96
23 19 55
19 23 55
24 19 3
19 24 3
25 26 29
26 25 29
26 27 37
27 26 37
27 28 61
28 27 61
28 29 79
29 28 79
20 26 85
26 20 85
25 21 61
21 25 61
26 21 30
21 26 30
21 27 43
27 21 43
26 22 59
22 26 59
27 22 92
22 27 92
22 28 69
28 22 69
27 23 83
23 27 83
28 23 24
23 28 24
23 29 85
29 23 85
28 24 75
24 28 75
29 24 85
24 29 85
